20.000000 -0.075195
270.000000 -0.004639
1040.000000 0.217529
3040.000000 -0.285889
8870.000000 0.136475
9610.000000 -0.058838
9900.000000 -0.001221
10420.000000 0.158691
11180.000000 -0.304688
11780.000000 -0.012207
13060.000000 0.137451
14940.000000 0.142822
15890.000000 -0.107666
16500.000000 0.182617
17390.000000 -0.056396
17740.000000 -0.035156
17810.000000 -0.052734
17930.000000 -0.033447
18100.000000 0.066650
18690.000000 -0.189941
19760.000000 0.058594
20050.000000 0.004639
20650.000000 -0.064941
20880.000000 -0.007568
21390.000000 0.162354
21720.000000 0.015137
22690.000000 0.174805
23080.000000 -0.012207
23120.000000 0.008545
23500.000000 -0.085205
26030.000000 0.186523
26880.000000 -0.199951
27700.000000 0.020508
28080.000000 0.113037
28620.000000 -0.061035
29450.000000 0.021729
29560.000000 0.031250
29650.000000 0.009277
29690.000000 0.007812
29800.000000 -0.027100
32170.000000 0.221924
32740.000000 -0.027588
32820.000000 -0.036865
32910.000000 -0.015137
33550.000000 0.154541
34500.000000 -0.268799
35230.000000 0.006104
35270.000000 0.001221
35340.000000 0.011230
35390.000000 0.008301
35430.000000 -0.007812
35500.000000 -0.015137
35550.000000 -0.001709
35720.000000 0.045410
35920.000000 0.053223
35990.000000 -0.022949
36180.000000 -0.049072
38020.000000 0.187012
38410.000000 0.026123
38740.000000 -0.070068
39440.000000 0.126953
40530.000000 0.005615
40680.000000 -0.007812
40720.000000 0.002441
40840.000000 0.026611
41840.000000 0.159668
42630.000000 -0.177246
43740.000000 0.123047
44030.000000 -0.017578
44630.000000 -0.094482
44920.000000 -0.021973
44970.000000 -0.010742
45030.000000 0.048584
45860.000000 0.225342
46570.000000 -0.029785
46680.000000 -0.017578
46770.000000 -0.007812
47590.000000 0.199951
48750.000000 -0.090820
48990.000000 0.084717
49820.000000 -0.154297
51220.000000 0.075684
51410.000000 0.046875
51570.000000 -0.106201
52110.000000 0.046631
52380.000000 -0.000977
53800.000000 0.163330
54310.000000 -0.047607
54530.000000 -0.001465
55030.000000 0.152100
57710.000000 -0.293701
59270.000000 0.134521
59600.000000 0.021240
59710.000000 0.010010
59770.000000 0.010986
59870.000000 0.010742
59930.000000 -0.012451
60030.000000 -0.015625
60150.000000 0.007812
61340.000000 0.183105
61870.000000 -0.010254
62190.000000 -0.064453
62960.000000 0.175781
63490.000000 0.001709
63570.000000 0.003418
63970.000000 -0.041992
64060.000000 -0.004150
64320.000000 0.137207
65410.000000 -0.199707
66030.000000 0.063232
66230.000000 0.006592
66640.000000 -0.161621
68650.000000 0.189453
69280.000000 -0.009277
69360.000000 0.005615
69410.000000 -0.003174
69550.000000 0.045410
69620.000000 0.019287
71950.000000 0.217529
72880.000000 -0.249268
77880.000000 0.171875
78930.000000 -0.145752
79190.000000 -0.000244
79500.000000 0.163574
79710.000000 0.099365
80450.000000 -0.183105
81220.000000 0.083252
81360.000000 0.003174
81600.000000 -0.085205
81740.000000 -0.055664
81790.000000 -0.099121
82160.000000 -0.035645
82240.000000 0.020264
82290.000000 -0.010498
82550.000000 -0.060059
82630.000000 -0.013184
82680.000000 -0.015381
83550.000000 0.180664
84520.000000 -0.010254
84760.000000 -0.021240
85160.000000 0.130859
86190.000000 -0.008789
86270.000000 0.017090
86370.000000 -0.028809
86420.000000 -0.018311
86460.000000 -0.070068
86580.000000 -0.052002
86690.000000 -0.013428
86740.000000 -0.003662
87530.000000 0.224365
88520.000000 -0.158936
89110.000000 -0.014648
89400.000000 0.049561
90380.000000 -0.189941
91190.000000 0.012695
93090.000000 0.270752
94460.000000 -0.106934
94720.000000 -0.009277
94850.000000 0.056152
94930.000000 0.044189
94970.000000 0.012451
95010.000000 0.001953
95720.000000 -0.211426
96770.000000 0.098145
97180.000000 0.057129
97410.000000 0.007812
97530.000000 -0.039062
97780.000000 0.038330
97860.000000 0.004395
98010.000000 -0.039795
98090.000000 -0.016357
98960.000000 0.159180
99700.000000 0.008789
100030.000000 -0.103027
102610.000000 0.235352
103480.000000 -0.318359
104170.000000 -0.007324
104610.000000 0.102783
105690.000000 -0.077148
106120.000000 -0.010986
108370.000000 0.187012
109170.000000 -0.093262
109500.000000 -0.015625
109600.000000 0.024170
109990.000000 0.106689
110800.000000 -0.156982
111520.000000 0.004395
111910.000000 0.023926
111990.000000 0.023438
112120.000000 -0.001465
112160.000000 0.014648
112200.000000 0.014160
112670.000000 -0.070312
114560.000000 0.147949
115250.000000 0.001709
115430.000000 -0.041260
116730.000000 0.142334
117350.000000 0.010742
117420.000000 -0.006104
118220.000000 0.159180
119000.000000 -0.307129
122630.000000 0.124268
123790.000000 -0.080322
123990.000000 -0.014160
124570.000000 0.195312
125250.000000 -0.070801
125980.000000 0.124512
126670.000000 -0.165283
127690.000000 0.081787
128000.000000 0.035889
128040.000000 0.023438
128090.000000 0.029297
128160.000000 0.012939
128200.000000 -0.005371
128240.000000 0.002686
128290.000000 0.017090
128350.000000 -0.012207
128400.000000 -0.040283
128550.000000 -0.016602
128600.000000 -0.008301
128660.000000 0.004395
128710.000000 -0.012207
128770.000000 0.008545
128900.000000 0.035645
129290.000000 0.005127
129450.000000 -0.049072
142690.000000 0.078857
143490.000000 -0.142090
144640.000000 0.126221
145930.000000 0.000488
146240.000000 -0.030029
146540.000000 0.213135
147120.000000 -0.394775
147760.000000 0.201660
148110.000000 -0.176758
148990.000000 0.285645
150280.000000 -0.086426
150870.000000 0.086670
151780.000000 -0.378174
152400.000000 -0.015869
152610.000000 0.059326
152690.000000 0.031494
152830.000000 0.003418
152950.000000 -0.041748
153000.000000 0.005859
153040.000000 0.009521
153080.000000 0.000244
153160.000000 -0.011963
153220.000000 0.029053
153320.000000 0.029053
154890.000000 0.208740
155760.000000 0.008789
155800.000000 -0.013672
155860.000000 -0.052246
155940.000000 0.028320
155990.000000 0.017090
156620.000000 0.132568
157300.000000 -0.071045
157960.000000 0.118164
158190.000000 0.027832
158290.000000 -0.036133
158660.000000 -0.122070
159650.000000 -0.011230
159690.000000 -0.002686
159730.000000 -0.008789
160210.000000 0.065186
160390.000000 0.024414
160600.000000 -0.045654
161050.000000 0.039551
161240.000000 -0.002930
161280.000000 -0.001221
161320.000000 -0.012207
162780.000000 0.153809
163460.000000 -0.083008
164490.000000 0.195068
166630.000000 -0.335693
170470.000000 0.210693
171260.000000 -0.131836
172200.000000 0.141113
172670.000000 -0.023193
172840.000000 -0.009521
172890.000000 0.008301
172950.000000 -0.006348
173490.000000 0.204346
174110.000000 -0.205566
175020.000000 0.002930
175070.000000 0.002930
175110.000000 0.001709
175580.000000 -0.137695
176980.000000 0.177490
177400.000000 0.004883
177470.000000 -0.003418
177750.000000 0.210693
179040.000000 -0.028564
179090.000000 0.016357
179460.000000 0.101562
180180.000000 -0.114014
181140.000000 0.278809
181960.000000 -0.269531
182740.000000 0.127686
183450.000000 -0.101074
184250.000000 -0.020996
184920.000000 0.139404
185300.000000 -0.029785
185390.000000 0.002441
186680.000000 0.178955
188720.000000 -0.197510
190560.000000 -0.020508
190780.000000 -0.040771
191980.000000 0.222412
194380.000000 -0.117920
195290.000000 0.263184
196210.000000 -0.320557
197380.000000 0.123535
197800.000000 0.004883
197850.000000 -0.014160
197980.000000 -0.038086
198310.000000 -0.036133
199700.000000 0.246826
200520.000000 0.000000
200570.000000 0.022949
200610.000000 0.009521
201080.000000 0.127441
202190.000000 -0.106689
202570.000000 0.081299
202810.000000 0.000732
203540.000000 -0.172852
204610.000000 -0.009766
204830.000000 0.044922
204880.000000 0.012207
204940.000000 -0.022461
205140.000000 -0.051514
207210.000000 0.226562
207960.000000 -0.209473
208430.000000 -0.005859
210480.000000 0.232666
211370.000000 -0.312744
211940.000000 -0.034912
211990.000000 -0.004150
212280.000000 0.050049
212740.000000 0.016113
212790.000000 0.026123
212970.000000 0.049561
213030.000000 -0.009033
213100.000000 -0.009521
213140.000000 -0.017090
213190.000000 -0.024414
213230.000000 -0.033691
213430.000000 -0.050537
214920.000000 0.229980
215720.000000 -0.091553
215920.000000 -0.011475
216720.000000 0.187012
217320.000000 0.000977
217590.000000 -0.067871
217700.000000 -0.053711
217760.000000 0.014160
218030.000000 0.112305
218650.000000 -0.138428
219340.000000 0.023193
219990.000000 -0.150879
222230.000000 0.210693
222790.000000 -0.000244
222850.000000 0.014404
223100.000000 0.086670
223920.000000 0.007324
224210.000000 -0.041504
225100.000000 0.315430
225940.000000 -0.369385
226560.000000 -0.081543
226600.000000 -0.033203
226650.000000 -0.037109
226690.000000 -0.028320
226740.000000 -0.015381
226890.000000 0.050293
227270.000000 -0.084229
227670.000000 0.026611
228760.000000 0.246826
229980.000000 0.083008
230780.000000 0.125977
231400.000000 -0.125000
231960.000000 0.179932
234030.000000 -0.269287
235500.000000 0.240967
236620.000000 -0.039551
237780.000000 0.144775
238330.000000 -0.035156
239220.000000 0.236084
240040.000000 -0.184814
241050.000000 0.007080
241110.000000 0.003906
241400.000000 -0.117188
242330.000000 -0.000488
244580.000000 0.192139
247330.000000 -0.193115
248020.000000 0.047607
248530.000000 -0.139893
250310.000000 0.194580
251220.000000 -0.015625
251710.000000 0.120117
252620.000000 0.009766
252690.000000 -0.014404
252890.000000 -0.003906
253730.000000 0.277344
254550.000000 -0.250244
255610.000000 -0.010010
255670.000000 0.021973
256650.000000 -0.134766
258220.000000 0.183350
260180.000000 -0.032227
260950.000000 0.193604
262020.000000 -0.236816
262630.000000 0.032471
263200.000000 -0.076172
264020.000000 -0.044189
264270.000000 0.027588
264440.000000 0.006104
264510.000000 -0.020752
265240.000000 0.147217
266520.000000 0.223877
267900.000000 -0.039307
268900.000000 0.174561
269790.000000 -0.296143
270880.000000 0.120361
271390.000000 -0.025391
271530.000000 -0.003906
271590.000000 0.023193
271750.000000 -0.002930
271790.000000 -0.010254
271990.000000 -0.032471
272190.000000 -0.009277
273210.000000 0.138184
274900.000000 0.188721
275570.000000 0.010498
275700.000000 -0.016602
275900.000000 -0.003418
276430.000000 0.163574
277480.000000 -0.218506
278280.000000 0.005859
278320.000000 -0.001221
278430.000000 0.020264
278540.000000 0.008301
278960.000000 -0.104736
279450.000000 -0.009033
280610.000000 0.193604
281320.000000 0.044189
281390.000000 0.003418
281430.000000 0.022217
281480.000000 -0.000732
282030.000000 0.116699
283230.000000 -0.026611
284190.000000 0.182861
285080.000000 -0.211182
285800.000000 -0.021484
286310.000000 0.145996
287130.000000 -0.139160
287930.000000 -0.010010
288440.000000 0.125488
289940.000000 0.225098
292210.000000 -0.250977
293050.000000 0.056885
293790.000000 -0.047363
294130.000000 0.017822
294180.000000 -0.018555
296120.000000 0.193848
296630.000000 0.021240
296870.000000 -0.046387
297980.000000 0.110596
298400.000000 0.008545
298470.000000 -0.011475
299510.000000 0.280762
300330.000000 -0.326660
301310.000000 0.032715
301850.000000 -0.069824
302330.000000 -0.005615
302380.000000 -0.014160
303890.000000 0.162598
306250.000000 -0.107666
306780.000000 0.141846
307470.000000 -0.136230
308290.000000 0.022949
308380.000000 0.004150
308420.000000 0.006592
308550.000000 -0.012451
309310.000000 -0.126953
311470.000000 0.188721
312000.000000 -0.001709
312040.000000 0.012207
312200.000000 -0.018555
312240.000000 -0.009033
312290.000000 -0.000244
312330.000000 0.017822
312510.000000 0.006836
314730.000000 0.116943
315560.000000 -0.254150
316540.000000 0.083496
317570.000000 0.014160
317700.000000 0.002197
318100.000000 -0.081299
319140.000000 0.191895
321430.000000 -0.033447
322340.000000 0.168457
323250.000000 -0.201416
323720.000000 -0.007324
323760.000000 0.025879
323850.000000 -0.005859
323900.000000 0.009033
324500.000000 -0.085205
324980.000000 -0.011230
325380.000000 0.053955
325650.000000 -0.025879
325830.000000 0.011963
326600.000000 0.153076
327600.000000 -0.091064
330370.000000 0.255615
331190.000000 -0.261475
332210.000000 0.074951
333370.000000 -0.091309
336160.000000 0.211426
337110.000000 -0.067139
337890.000000 0.087646
338460.000000 -0.130615
339420.000000 0.025146
339620.000000 0.004150
339660.000000 -0.005615
339730.000000 -0.014404
339770.000000 0.032715
339830.000000 -0.005615
339880.000000 0.004395
339940.000000 0.008057
340410.000000 -0.108154
359910.000000 0.190186
360870.000000 -0.083252
361280.000000 -0.004639
361590.000000 0.137939
362540.000000 -0.255371
363170.000000 0.009277
363400.000000 0.080322
364430.000000 -0.071533
364740.000000 -0.002441
364780.000000 0.022217
364860.000000 0.022949
364900.000000 -0.005371
364940.000000 0.010986
365560.000000 0.166992
366410.000000 -0.002197
366990.000000 0.150146
368340.000000 -0.097168
369070.000000 0.171143
370030.000000 -0.155273
370420.000000 0.009521
370470.000000 -0.004395
370670.000000 0.030762
371580.000000 -0.062012
371660.000000 -0.043213
371740.000000 -0.012451
371800.000000 -0.005127
371840.000000 0.014648
372010.000000 0.014893
372230.000000 -0.049316
372520.000000 0.007080
372730.000000 0.042236
375280.000000 0.263428
376250.000000 -0.004150
377120.000000 0.067383
377980.000000 -0.295654
379400.000000 0.202393
380740.000000 -0.065674
381440.000000 0.134277
381990.000000 -0.006592
382030.000000 0.026855
382260.000000 -0.086426
382570.000000 -0.010498
383490.000000 0.157715
384050.000000 -0.037842
384660.000000 0.127686
385320.000000 -0.154541
386190.000000 -0.008789
386620.000000 -0.098389
387630.000000 -0.005127
389250.000000 0.204346
390020.000000 -0.054199
391260.000000 0.158203
391940.000000 -0.079102
392700.000000 0.195068
393750.000000 -0.212646
394930.000000 0.155518
395730.000000 -0.059326
396190.000000 0.035889
396380.000000 -0.005859
396440.000000 -0.007812
397100.000000 0.132080
397530.000000 0.023438
397750.000000 -0.065430
398820.000000 0.172607
401560.000000 -0.165527
403390.000000 0.003418
403490.000000 0.034424
403780.000000 -0.036133
403880.000000 -0.041504
406160.000000 0.155518
407330.000000 -0.044922
408340.000000 0.196045
409290.000000 -0.218994
410360.000000 0.154297
411380.000000 -0.131104
412470.000000 0.099121
412860.000000 -0.014160
413090.000000 -0.062500
413320.000000 -0.006348
414000.000000 0.212891
415930.000000 0.124756
416530.000000 -0.154053
417490.000000 0.038330
418400.000000 -0.117676
420210.000000 0.190674
421000.000000 -0.064941
422070.000000 0.131348
422630.000000 0.005859
422730.000000 -0.015137
422810.000000 -0.006592
423580.000000 0.216064
424480.000000 -0.238037
425160.000000 0.004639
425200.000000 -0.012207
425240.000000 -0.006592
425300.000000 0.015869
425390.000000 -0.005615
425550.000000 0.027588
425920.000000 -0.074463
426270.000000 -0.007324
426340.000000 0.006348
426400.000000 0.007080
426440.000000 0.008057
426750.000000 -0.038330
427820.000000 0.168701
428440.000000 0.019775
428480.000000 -0.022217
428600.000000 -0.030029
429360.000000 0.187744
430160.000000 -0.080811
430860.000000 0.164551
431930.000000 -0.187744
432630.000000 0.028564
432800.000000 0.010742
433170.000000 -0.106934
433500.000000 0.020996
433540.000000 -0.007812
435120.000000 0.205078
435870.000000 -0.087402
436150.000000 -0.000488
437140.000000 0.105713
437730.000000 -0.042480
438510.000000 0.217041
439440.000000 -0.247803
440370.000000 0.100098
441540.000000 -0.064941
442730.000000 0.215576
443290.000000 0.008545
443450.000000 -0.045654
444380.000000 0.160645
444960.000000 0.002197
445220.000000 -0.089111
445940.000000 0.200439
446810.000000 -0.167969
447620.000000 0.018066
447660.000000 -0.003906
447700.000000 0.012939
448230.000000 -0.188965
450020.000000 0.201904
450810.000000 -0.012695
450850.000000 0.019043
451020.000000 -0.037598
451200.000000 0.009766
451860.000000 0.145264
452540.000000 -0.040039
453380.000000 0.230469
454250.000000 -0.280029
454840.000000 -0.005127
455320.000000 0.082031
455960.000000 -0.070801
456620.000000 0.017334
456750.000000 -0.003174
456810.000000 -0.014404
456850.000000 -0.003418
459360.000000 0.154053
460240.000000 0.013672
460330.000000 -0.016846
460470.000000 -0.011230
461170.000000 0.157227
461930.000000 -0.148193
465550.000000 0.210938
468380.000000 -0.123047
469220.000000 0.166016
470000.000000 -0.210205
470510.000000 0.010010
470840.000000 0.087402
472060.000000 -0.104736
473180.000000 0.164795
473930.000000 -0.052490
474890.000000 0.198975
475710.000000 -0.110840
476580.000000 0.141113
477430.000000 -0.142822
478080.000000 0.018311
478630.000000 -0.141113
480410.000000 0.209717
481200.000000 -0.024658
481240.000000 0.012451
481290.000000 -0.019043
482490.000000 0.170410
483000.000000 -0.030029
483200.000000 -0.010010
483890.000000 0.195068
484820.000000 -0.279053
485530.000000 0.014404
485980.000000 0.082520
486760.000000 -0.028320
488200.000000 0.124023
489020.000000 -0.011230
489130.000000 -0.018311
490070.000000 0.193604
490790.000000 -0.124268
491570.000000 0.178955
492570.000000 -0.123535
494850.000000 0.080078
495360.000000 -0.002686
495410.000000 0.004639
495450.000000 -0.002930
499420.000000 0.157471
500220.000000 -0.284912
501680.000000 0.068604
503760.000000 0.196777
504580.000000 -0.086670
505360.000000 0.153320
506440.000000 -0.079102
507200.000000 0.169678
508970.000000 -0.142822
511610.000000 0.240234
512420.000000 0.001465
512500.000000 -0.008301
512560.000000 0.002197
513180.000000 0.111084
513840.000000 -0.009766
513900.000000 -0.000732
514810.000000 0.185791
515650.000000 -0.247559
517030.000000 0.155029
517650.000000 0.001709
517880.000000 -0.040527
519100.000000 0.123779
520720.000000 0.166748
521810.000000 -0.049316
522010.000000 -0.008545
522500.000000 0.134521
523790.000000 -0.146729
525500.000000 0.006592
527060.000000 0.146484
527980.000000 -0.011230
528020.000000 0.041260
528070.000000 0.000977
528600.000000 0.167725
530000.000000 -0.074951
530800.000000 0.237549
531620.000000 -0.287109
532890.000000 0.138428
533730.000000 -0.034912
536680.000000 0.189209
537590.000000 -0.116943
538390.000000 0.114990
539210.000000 -0.197998
540120.000000 0.008301
540160.000000 -0.004883
541260.000000 0.104248
542960.000000 0.005371
543010.000000 0.004150
543250.000000 -0.024170
543390.000000 0.017090
543450.000000 -0.001221
543500.000000 0.003418
543610.000000 0.016113
543670.000000 0.017090
543740.000000 -0.009033
543790.000000 -0.022949
543850.000000 -0.015869
543920.000000 -0.005127
543990.000000 -0.001953
544320.000000 0.054688
544670.000000 -0.004395
545490.000000 0.221436
547600.000000 -0.336426
548620.000000 -0.007812
550020.000000 0.142090
552390.000000 -0.097412
553650.000000 0.212891
554880.000000 0.091309
556870.000000 -0.211914
559330.000000 0.212158
559980.000000 -0.042969
560270.000000 0.092041
561510.000000 -0.098633
562730.000000 0.227783
563460.000000 -0.186035
564510.000000 0.108398
565400.000000 0.012939
565780.000000 -0.100342
566610.000000 -0.008789
566870.000000 0.074951
567450.000000 -0.010742
567560.000000 -0.010742
568760.000000 0.308594
569490.000000 -0.025635
570070.000000 0.055420
570900.000000 -0.284668
571810.000000 0.149902
573850.000000 -0.085938
574190.000000 0.058594
574450.000000 0.021973
574520.000000 0.017822
575250.000000 0.041992
575630.000000 -0.006836
575700.000000 -0.013916
578430.000000 0.186279
579370.000000 -0.277832
581050.000000 0.092773
581940.000000 -0.093262
582620.000000 0.087891
583710.000000 -0.039062
584420.000000 0.249512
585740.000000 -0.056152
586300.000000 0.061035
587140.000000 -0.121826
587940.000000 0.056152
589010.000000 -0.083252
589280.000000 -0.030029
589830.000000 0.055908
590170.000000 -0.045898
590430.000000 -0.005615
590480.000000 -0.002197
591120.000000 0.116455
591770.000000 -0.060547
592450.000000 0.162354
593720.000000 0.006348
593790.000000 -0.015869
594740.000000 0.198730
595590.000000 -0.257568
596660.000000 0.126709
597700.000000 -0.071289
598030.000000 0.013916
599010.000000 0.104980
600250.000000 0.235840
601570.000000 -0.083496
601980.000000 0.187988
602780.000000 -0.213379
603490.000000 -0.002930
603560.000000 0.013184
603620.000000 0.004395
604090.000000 -0.247803
605820.000000 0.203613
607670.000000 -0.091797
609200.000000 0.247070
610040.000000 -0.237793
610730.000000 0.014893
611710.000000 -0.093262
612020.000000 -0.042969
612090.000000 0.014404
612130.000000 -0.011230
613930.000000 0.241455
616070.000000 -0.288574
617070.000000 0.140381
618510.000000 -0.277344
619200.000000 0.343750
621120.000000 -0.133545
621810.000000 0.191895
622450.000000 -0.608643
622900.000000 0.031982
623120.000000 -0.099121
623240.000000 0.022217
623290.000000 0.083252
623450.000000 -0.025635
623490.000000 -0.024170
624420.000000 0.734375
625690.000000 0.381836
625730.000000 0.226562
625780.000000 -0.229736
625930.000000 -0.489014
626890.000000 -0.979492
628740.000000 1.095947
629110.000000 -0.175049
629580.000000 1.143311
630710.000000 -0.999939
631790.000000 2.050293
634080.000000 -0.999939
635060.000000 1.108154
635370.000000 -0.691895
635970.000000 0.421143
636190.000000 0.032227
636340.000000 0.162354
636570.000000 -0.252686
638040.000000 0.785645
638190.000000 1.185791
638480.000000 0.054199
639760.000000 -0.999939
640210.000000 -0.008057
640700.000000 0.868896
641050.000000 1.469727
641100.000000 1.177979
641250.000000 0.355469
641360.000000 0.313721
641430.000000 -0.165283
641650.000000 0.071289
642560.000000 1.302246
644940.000000 -0.909912
645030.000000 -0.794922
646160.000000 -0.999939
647900.000000 1.101562
648370.000000 -0.999939
648960.000000 0.887939
649480.000000 1.541992
649720.000000 1.043945
651390.000000 -0.600586
651430.000000 -0.999939
651470.000000 -0.999939
652030.000000 -0.999939
653820.000000 1.074463
654970.000000 -0.385986
655210.000000 0.229980
655940.000000 -0.808350
657990.000000 1.163330
659280.000000 -0.999939
659340.000000 -0.999939
660160.000000 -0.999939
661350.000000 1.366943
662900.000000 -0.905518
662940.000000 0.860352
662990.000000 -0.602539
664120.000000 -0.999939
665830.000000 1.089844
666640.000000 -0.101074
668070.000000 -0.999939
669530.000000 1.195557
670840.000000 0.183350
670890.000000 0.213379
672090.000000 -0.999939
673370.000000 1.198975
675150.000000 -0.615479
675240.000000 -0.999939
676120.000000 -0.999939
677650.000000 1.132080
678870.000000 0.599609
678910.000000 0.413330
680200.000000 -0.999939
681620.000000 1.201416
683330.000000 -0.999939
684330.000000 -0.999939
685750.000000 1.134277
687180.000000 0.177246
687220.000000 0.174805
687260.000000 0.046875
688550.000000 -0.999939
689980.000000 1.134033
691400.000000 0.114014
692730.000000 -0.999939
694200.000000 1.090576
695420.000000 0.936523
695620.000000 0.053223
696870.000000 -0.999939
698260.000000 1.187012
699710.000000 0.052002
699980.000000 -0.828857
700020.000000 -0.999939
701020.000000 -0.999939
702440.000000 1.254883
703750.000000 0.289551
703820.000000 0.301025
703860.000000 0.253418
705090.000000 -0.999939
706380.000000 1.126953
707890.000000 0.156738
707940.000000 -0.019287
707980.000000 0.039062
708200.000000 -0.999939
708240.000000 0.853271
709200.000000 -0.999939
710530.000000 1.331055
712090.000000 -0.739990
713350.000000 -0.999939
714400.000000 1.158447
715920.000000 -0.203125
716170.000000 0.029541
716210.000000 -0.058838
716430.000000 -0.999939
716480.000000 1.471924
716520.000000 -0.999939
717430.000000 -0.999939
718990.000000 1.163574
720210.000000 0.218262
721440.000000 -0.999939
723170.000000 1.181641
724100.000000 0.023438
724590.000000 -0.999939
725430.000000 -0.999939
726850.000000 1.192627
728120.000000 0.825439
728160.000000 0.512451
728210.000000 -0.006836
729430.000000 -0.999939
730720.000000 1.156982
732010.000000 -0.052734
732140.000000 -0.138672
733480.000000 -0.999939
734830.000000 1.241699
736130.000000 0.674561
736170.000000 0.677490
737420.000000 -0.999939
739220.000000 1.224609
740510.000000 -0.832520
740600.000000 -0.999939
741460.000000 -0.999939
742780.000000 1.358887
744090.000000 0.957275
744130.000000 0.684570
744180.000000 0.403809
744220.000000 0.105957
745440.000000 -0.999939
746580.000000 1.183350
748150.000000 -0.115479
748600.000000 -0.999939
749490.000000 -0.999939
751050.000000 1.161377
752380.000000 -0.323975
752430.000000 -0.999939
752470.000000 -0.820068
753640.000000 -0.999939
754930.000000 1.109375
756420.000000 -0.095947
756460.000000 0.083740
756530.000000 -0.049072
756850.000000 -0.999939
757730.000000 -0.999939
759340.000000 1.183594
760570.000000 -0.277832
761810.000000 -0.999939
763050.000000 1.123535
765080.000000 -0.999939
766060.000000 -0.999939
767400.000000 1.185791
769000.000000 -0.999939
770090.000000 -0.999939
771260.000000 1.098877
773310.000000 -0.708740
773350.000000 -0.999939
774290.000000 -0.999939
775730.000000 1.222168
777090.000000 -0.541992
778270.000000 -0.999939
780020.000000 1.066650
781120.000000 -0.105225
781180.000000 -0.015625
781540.000000 -0.999939
782480.000000 -0.999939
783830.000000 1.236816
785370.000000 -0.207275
785410.000000 -0.999939
785450.000000 -0.999939
786610.000000 -0.999939
788420.000000 1.156982
789820.000000 -0.999939
790690.000000 -0.999939
792180.000000 1.209717
793510.000000 0.745361
793600.000000 -0.293701
794820.000000 -0.999939
796140.000000 1.256348
797590.000000 -0.127930
797700.000000 0.100830
797970.000000 -0.999939
798970.000000 -0.999939
800210.000000 1.254150
801740.000000 -0.999939
802900.000000 -0.999939
804320.000000 1.244385
806050.000000 -0.410645
806090.000000 0.328613
806140.000000 -0.999939
807180.000000 -0.999939
808580.000000 1.259521
810140.000000 -0.999939
811250.000000 -0.999939
812810.000000 1.087891
814670.000000 -0.999939
814790.000000 -0.999939
815500.000000 -0.999939
816880.000000 1.305420
818120.000000 1.100830
818280.000000 0.280029
819500.000000 -0.999939
820700.000000 1.248291
822300.000000 -0.222168
822520.000000 -0.988770
822590.000000 -0.999939
823500.000000 -0.999939
824850.000000 1.293945
827460.000000 -0.999939
828780.000000 1.228271
829910.000000 -0.030273
830110.000000 0.103760
830310.000000 0.131104
830530.000000 -0.999939
831460.000000 -0.999939
832730.000000 1.338867
834240.000000 -0.999939
835420.000000 -0.999939
836620.000000 1.207031
838460.000000 -0.999939
839380.000000 -0.999939
840640.000000 1.283447
842070.000000 -0.592529
842120.000000 -0.999939
843190.000000 -0.999939
844850.000000 1.380371
845360.000000 -0.173096
845740.000000 0.091309
845830.000000 0.046631
846170.000000 -0.999939
847060.000000 -0.999939
848190.000000 1.297119
849550.000000 0.321777
849590.000000 0.729736
850790.000000 -0.999939
852430.000000 1.377197
853120.000000 -0.551270
853460.000000 0.119629
853720.000000 -0.999939
853770.000000 -0.999939
853810.000000 -0.999939
854540.000000 -0.999939
855610.000000 1.353271
856840.000000 -0.091309
857110.000000 -0.864746
857150.000000 -0.999939
858130.000000 -0.999939
859890.000000 1.324463
861220.000000 -0.999939
862050.000000 -0.999939
863180.000000 1.341309
865690.000000 -0.999939
867340.000000 1.292969
868690.000000 -0.999939
869600.000000 -0.999939
870670.000000 1.441895
872180.000000 -0.999939
873310.000000 -0.999939
875070.000000 1.263916
876400.000000 -0.999939
877250.000000 -0.999939
878580.000000 1.333740
879910.000000 0.785400
879980.000000 -0.999939
881020.000000 -0.999939
882730.000000 1.210205
884200.000000 -0.999939
884240.000000 -0.999939
884290.000000 -0.999939
884330.000000 -0.999939
885020.000000 -0.999939
886300.000000 1.343018
887870.000000 -0.999939
889000.000000 -0.999939
890040.000000 1.176758
891750.000000 0.082275
892110.000000 -0.999939
893020.000000 -0.999939
894290.000000 1.230225
895840.000000 -0.252686
895890.000000 -0.999939
895930.000000 -0.999939
897030.000000 -0.999939
898620.000000 1.158203
899580.000000 0.001221
899640.000000 0.028320
899750.000000 -0.049561
899890.000000 0.110840
900110.000000 -0.999939
900150.000000 1.385010
901060.000000 -0.999939
902380.000000 1.215820
905090.000000 -0.999939
906530.000000 1.160400
908410.000000 -0.999939
909300.000000 -0.999939
910700.000000 1.119629
912050.000000 -0.323486
912100.000000 -0.999939
912140.000000 -0.999939
913280.000000 -0.999939
914670.000000 1.218994
916520.000000 -0.999939
917530.000000 -0.999939
918810.000000 1.251221
920160.000000 0.645752
920210.000000 -0.108154
921390.000000 -0.999939
922680.000000 1.146729
924160.000000 0.168457
924520.000000 -0.999939
925480.000000 -0.999939
926880.000000 1.293945
928280.000000 -0.410156
928370.000000 -0.999939
929480.000000 -0.999939
930900.000000 1.238037
932620.000000 -0.848145
932660.000000 -0.999939
933640.000000 -0.999939
934980.000000 1.256592
936460.000000 -0.999939
936530.000000 -0.726074
937690.000000 -0.999939
939040.000000 1.264648
940800.000000 -0.562500
940840.000000 -0.999939
940890.000000 -0.999939
941840.000000 -0.999939
943240.000000 1.185547
944840.000000 -0.690918
946060.000000 -0.999939
947430.000000 1.222168
949200.000000 -0.485840
949240.000000 -0.999939
950290.000000 -0.999939
951690.000000 1.283936
953020.000000 -0.105225
953060.000000 -0.993896
954270.000000 -0.999939
955570.000000 1.130859
956980.000000 -0.015137
957020.000000 -0.075439
957090.000000 0.120361
957140.000000 -0.021240
957450.000000 -0.999939
957490.000000 -0.999939
958310.000000 -0.999939
959690.000000 1.287598
961020.000000 -0.161621
961060.000000 -0.999939
961110.000000 -0.999939
962180.000000 -0.999939
963580.000000 1.245605
964580.000000 -0.107422
964870.000000 0.028809
964910.000000 0.015381
964950.000000 -0.072021
965000.000000 0.243164
965260.000000 -0.999939
966170.000000 -0.999939
967420.000000 1.313965
969980.000000 -0.999939
971670.000000 1.381592
972220.000000 -0.055664
972980.000000 -0.999939
973040.000000 -0.999939
973090.000000 -0.999939
973800.000000 -0.999939
974980.000000 1.316162
976290.000000 -0.302734
977500.000000 -0.999939
979280.000000 1.283691
980520.000000 -0.999939
980560.000000 -0.999939
980610.000000 -0.999939
981340.000000 -0.999939
982560.000000 1.384521
983900.000000 -0.276611
985050.000000 -0.999939
986760.000000 1.315918
987970.000000 -0.999939
988150.000000 -0.999939
988190.000000 -0.999939
988790.000000 -0.999939
989880.000000 1.356201
991300.000000 0.026855
991350.000000 0.366211
991390.000000 0.046143
992460.000000 -0.999939
994030.000000 1.484619
996030.000000 -0.999939
997150.000000 1.365723
998320.000000 -0.006348
998370.000000 0.010498
999610.000000 -0.999939
1001250.000000 1.458496
1002540.000000 -0.999939
1002590.000000 -0.999939
1002630.000000 0.041260
1003280.000000 -0.999939
1004390.000000 1.431641
1005680.000000 -0.041748
1006860.000000 -0.999939
1008490.000000 1.356445
1010690.000000 -0.999939
1011750.000000 1.497559
1012640.000000 -0.100342
1012750.000000 0.031250
1012980.000000 0.105469
1013020.000000 -0.016357
1013070.000000 0.322266
1013270.000000 -0.705322
1013310.000000 -0.999939
1013350.000000 -0.999939
1014290.000000 -0.999939
1015860.000000 1.378906
1017260.000000 -0.999939
1017370.000000 -0.999939
1017420.000000 -0.999939
1017490.000000 -0.999939
1018150.000000 -0.999939
1019270.000000 1.380127
1020780.000000 -0.682129
1020820.000000 -0.999939
1020860.000000 -0.999939
1021830.000000 -0.999939
1022980.000000 1.254150
1024220.000000 -0.036377
1024330.000000 0.009766
1024380.000000 -0.031250
1024490.000000 -0.179688
1024890.000000 -0.999939
1025690.000000 -0.999939
1026820.000000 1.367432
1028360.000000 -0.999939
1029310.000000 -0.999939
1030580.000000 1.190918
1031890.000000 -0.033203
1031930.000000 0.016113
1031980.000000 -0.012451
1032040.000000 -0.053467
1032090.000000 0.010742
1032460.000000 -0.999939
1032550.000000 -0.999939
1033330.000000 -0.999939
1034600.000000 1.384033
1036130.000000 -0.812744
1036180.000000 -0.999939
1037170.000000 -0.999939
1038450.000000 1.190918
1039880.000000 -0.077881
1040250.000000 -0.999939
1041140.000000 -0.999939
1042450.000000 1.275879
1043960.000000 -0.999939
1044010.000000 -0.999939
1044990.000000 -0.999939
1046450.000000 1.168701
1048840.000000 -0.999939
1050130.000000 1.259766
1051400.000000 -0.043701
1051610.000000 -0.709473
1052690.000000 -0.999939
1054360.000000 1.301514
1056580.000000 -0.999939
1057650.000000 1.324707
1059270.000000 -0.911865
1059310.000000 -0.999939
1060240.000000 -0.999939
1061510.000000 1.139404
1063220.000000 -0.991943
1064040.000000 -0.999939
1065330.000000 1.268555
1066760.000000 -0.530273
1067880.000000 -0.999939
1069590.000000 1.262695
1070330.000000 0.016113
1070370.000000 -0.008301
1070410.000000 0.004883
1070460.000000 -0.046631
1071750.000000 -0.999939
1072950.000000 1.355225
1074520.000000 -0.999939
1074610.000000 -0.999939
1074660.000000 -0.999939
1075520.000000 -0.999939
1077280.000000 1.243408
1078610.000000 -0.999939
1078660.000000 -0.999939
1078700.000000 -0.999939
1079410.000000 -0.999939
1080540.000000 1.317627
1082140.000000 -0.999939
1083130.000000 -0.999939
1084690.000000 1.310303
1086090.000000 -0.999939
1086890.000000 -0.999939
1088020.000000 1.330078
1089150.000000 0.066406
1089270.000000 0.024170
1089550.000000 -0.999939
1090510.000000 -0.999939
1092280.000000 1.334961
1094440.000000 -0.999939
1095570.000000 1.373535
1097020.000000 -0.497559
1098080.000000 -0.999939
1099540.000000 1.308594
1101830.000000 -0.999939
1102960.000000 1.372314
1105480.000000 -0.999939
1106720.000000 1.308594
1108520.000000 -0.999939
1109280.000000 -0.999939
1110410.000000 1.376465
1111300.000000 -0.132324
1111440.000000 -0.054199
1111620.000000 0.305664
1111710.000000 0.754639
1111760.000000 0.302734
1111800.000000 0.125000
1112840.000000 -0.999939
1114040.000000 1.215088
1115840.000000 -0.999939
1115890.000000 1.897705
1115930.000000 -0.999939
1116600.000000 -0.999939
1117660.000000 1.566162
1118640.000000 -0.043457
1118820.000000 0.331787
1119060.000000 0.650146
1119110.000000 0.012695
1120220.000000 -0.999939
1121910.000000 1.285400
1124020.000000 -0.999939
1124950.000000 1.490234
1125900.000000 -0.352783
1126100.000000 0.127930
1126150.000000 -0.057861
1126370.000000 0.667725
1126410.000000 0.539307
1127450.000000 -0.999939
1128980.000000 1.606689
1130240.000000 -0.999939
1130290.000000 -0.999939
1130330.000000 -0.999939
1131000.000000 -0.999939
1131910.000000 1.393555
1134490.000000 -0.999939
1136060.000000 1.440186
1137400.000000 -0.999939
1137440.000000 -0.999939
1138090.000000 -0.999939
1139090.000000 1.473389
1139910.000000 -0.029785
1140200.000000 0.237549
1141540.000000 -0.999939
1143130.000000 1.390869
1144380.000000 -0.999939
1144440.000000 -0.999939
1145090.000000 -0.999939
1146130.000000 1.534424
1147020.000000 -0.043457
1147180.000000 0.117920
1147270.000000 0.121826
1147360.000000 -0.166748
1147490.000000 0.252686
1147620.000000 -0.999939
1148560.000000 -0.999939
1150110.000000 1.518799
1151510.000000 -0.999939
1151580.000000 -0.999939
1152220.000000 -0.999939
1153180.000000 1.462158
1154730.000000 -0.683594
1154800.000000 -0.999939
1155660.000000 -0.999939
1157300.000000 1.456299
1158540.000000 -0.999939
1158650.000000 -0.999939
1159250.000000 -0.999939
1160280.000000 1.420898
1161850.000000 -0.999939
1161900.000000 0.145264
1162740.000000 -0.999939
1163630.000000 1.256836
1166520.000000 -0.999939
1167530.000000 1.336426
1170100.000000 -0.999939
1171700.000000 1.405518
1173150.000000 -0.999939
1173260.000000 -0.999939
1173790.000000 -0.999939
1174990.000000 1.333740
1177480.000000 -0.999939
1179150.000000 1.260742
1181240.000000 -0.999939
1182440.000000 1.321533
1184950.000000 -0.999939
1186720.000000 1.315186
1187310.000000 -0.111816
1187520.000000 0.008057
1187560.000000 -0.026123
1187600.000000 -0.033203
1188820.000000 -0.999939
1190070.000000 1.312256
1191400.000000 0.194092
1192580.000000 -0.999939
1194240.000000 1.297607
1195640.000000 -0.999939
1195690.000000 -0.999939
1196420.000000 -0.999939
1197600.000000 1.322754
1198690.000000 -0.138184
1198820.000000 0.029785
1198910.000000 -0.594238
1198950.000000 -0.356934
1199000.000000 -0.354248
1199040.000000 -0.999939
1200040.000000 -0.999939
1201780.000000 1.198486
1203160.000000 -0.999939
1203940.000000 -0.999939
1205190.000000 1.332031
1206880.000000 -0.999939
1207740.000000 -0.999939
1208960.000000 1.247803
1210680.000000 -0.999939
1211590.000000 -0.999939
1212480.000000 1.607178
1213160.000000 -0.817627
1213430.000000 -0.648682
1213480.000000 -0.076416
1213520.000000 -0.268066
1213590.000000 0.627197
1213880.000000 -0.653564
1213920.000000 -0.592529
1214280.000000 -0.441650
1215760.000000 1.207520
1216480.000000 -0.999939
1216570.000000 -0.999939
1217210.000000 -0.999939
1218900.000000 2.449951
1218950.000000 1.636963
1219030.000000 0.867432
1219120.000000 -0.247803
1219210.000000 -0.943604
1220480.000000 1.490967
1221700.000000 -0.333252
1221990.000000 0.483643
1222700.000000 -0.999939
1223410.000000 -0.999939
1224450.000000 1.088135
1225030.000000 -0.047119
1225120.000000 0.030273
1225260.000000 0.150391
1226540.000000 1.352783
1227720.000000 -0.197998
1228040.000000 0.162354
1229260.000000 -0.999939
1230140.000000 0.149170
1230340.000000 0.080811
1230670.000000 0.914062
1231280.000000 0.085938
1231320.000000 -0.096191
1231390.000000 0.004150
1232260.000000 1.239990
1233940.000000 -0.463379
1234250.000000 0.056885
1236010.000000 -0.999939
1236340.000000 0.036377
1236520.000000 -0.117188
1236850.000000 0.906250
1237540.000000 -0.058105
1237630.000000 0.077881
1238540.000000 1.292969
1240190.000000 -0.589600
1240430.000000 -0.032715
1240500.000000 -0.002930
1240560.000000 0.091797
1242280.000000 -0.999939
1244720.000000 1.308350
1246500.000000 -0.567627
1248020.000000 -0.999939
1251860.000000 1.316895
1252690.000000 -0.526855
1252890.000000 0.042725
1252950.000000 0.062256
1254800.000000 -0.999939
1255420.000000 0.704102
1255950.000000 0.436523
1256000.000000 0.155762
1258000.000000 1.338135
1258830.000000 -0.428955
1259130.000000 0.234375
1260910.000000 -0.999939
1261620.000000 0.818604
1262010.000000 -0.121582
1262120.000000 -0.999939
1262160.000000 -0.291748
1262210.000000 0.163574
1263140.000000 1.445557
1264710.000000 -0.423828
1264910.000000 0.195801
1265020.000000 -0.130615
1265110.000000 0.236084
1266710.000000 -0.999939
1267800.000000 0.983887
1267850.000000 0.533936
1267890.000000 0.559326
1267940.000000 0.416260
1269870.000000 1.515137
1270620.000000 -0.544434
1270910.000000 0.073242
1272530.000000 -0.999939
1273040.000000 0.724609
1273420.000000 -0.206787
1273490.000000 0.025635
1275620.000000 1.719971
1277010.000000 -0.999939
1278080.000000 -0.999939
1281030.000000 1.525146
1283540.000000 -0.999939
1283610.000000 -0.519531
1283660.000000 -0.466064
1286170.000000 1.930420
1286610.000000 -0.459961
1286740.000000 0.119629
1286970.000000 0.220703
1288390.000000 -0.999939
1289060.000000 1.104248
1289480.000000 0.379639
1289550.000000 -0.434326
1289610.000000 -0.254150
1289660.000000 -0.138428
1290500.000000 1.575684
1292770.000000 0.305664
1294240.000000 -0.999939
1295160.000000 0.803711
1295580.000000 1.320557
1297580.000000 1.452637
1300490.000000 -0.999939
1303710.000000 1.464600
1306150.000000 -0.999939
1307390.000000 0.634766
1307570.000000 0.687256
1309860.000000 1.455322
1312230.000000 -0.999939
1314880.000000 1.447754
1317340.000000 -0.999939
1318590.000000 -0.999939
1319560.000000 0.744629
1320100.000000 0.733154
1320230.000000 0.221191
1321230.000000 1.358643
1322960.000000 -0.838623
1323200.000000 0.331787
1324930.000000 -0.999939
1326200.000000 0.979736
1326290.000000 0.617920
1327290.000000 1.326904
1328990.000000 -0.246826
1329140.000000 -0.042969
1330970.000000 -0.999939
1332010.000000 0.679932
1332250.000000 0.983887
1333340.000000 1.436768
1336950.000000 -0.999939
1340430.000000 1.454834
1343120.000000 -0.999939
1346500.000000 1.499756
1349260.000000 -0.999939
1350340.000000 1.206543
1352640.000000 1.612061
1355030.000000 -0.999939
1355560.000000 -0.027344
1358690.000000 1.533936
1360910.000000 -0.999939
1361930.000000 0.080811
1362000.000000 0.341553
1364600.000000 1.555420
1365400.000000 -0.561768
1367290.000000 -0.999939
1367760.000000 0.129883
1367810.000000 -0.000977
1368180.000000 0.431641
1370510.000000 1.577393
1371160.000000 -0.664062
1371440.000000 0.152588
1373150.000000 -0.999939
1376380.000000 1.781982
1378980.000000 -0.999939
1380000.000000 1.305420
1380040.000000 1.068848
1382130.000000 1.794434
1384980.000000 -0.999939
1385800.000000 0.677734
1388050.000000 1.587402
1390800.000000 -0.999939
1394070.000000 1.642334
1396690.000000 -0.999939
1399910.000000 1.471436
1400860.000000 -0.380859
1401020.000000 0.000488
1402330.000000 -0.999939
1403800.000000 0.910889
1405930.000000 1.420654
1408420.000000 -0.999939
1411870.000000 1.438477
1414110.000000 -0.999939
1415600.000000 1.014404
1416290.000000 -0.009277
1416330.000000 0.010986
1416420.000000 -0.051758
1416550.000000 -0.062500
1417840.000000 1.454102
1419730.000000 -0.999939
1419800.000000 -0.999939
1420350.000000 -0.999939
1420620.000000 0.042725
1420890.000000 -0.762207
1421150.000000 -0.184082
1421200.000000 -0.000488
1421240.000000 1.159424
1422690.000000 -0.280029
1422800.000000 -0.355713
1422840.000000 -0.052002
1423200.000000 1.666504
1424290.000000 -0.323242
1424460.000000 0.048584
1424510.000000 -0.028809
1424620.000000 -0.018799
1424890.000000 0.403076
1426820.000000 -0.999939
1426940.000000 -0.999939
1427690.000000 1.114258
1427740.000000 1.009033
1427800.000000 1.410400
1427850.000000 0.947266
1427900.000000 0.721436
1427990.000000 1.004395
1428920.000000 1.551270
1430370.000000 -0.213623
1430780.000000 0.341064
1432360.000000 -0.999939
1434690.000000 1.608154
1438220.000000 -0.999939
1439330.000000 1.287354
1439420.000000 0.642822
1439470.000000 0.457764
1441600.000000 1.642334
1442080.000000 -0.043457
1442250.000000 0.461426
1444430.000000 -0.999939
1445320.000000 1.228760
1445370.000000 0.856201
1445410.000000 0.846191
1447630.000000 1.672607
1450280.000000 -0.999939
1453630.000000 1.685059
1454140.000000 -0.176758
1454300.000000 0.017334
1456280.000000 -0.999939
1459440.000000 1.767578
1462000.000000 -0.999939
1462420.000000 0.287354
1465310.000000 1.596924
1467600.000000 -0.999939
1468410.000000 0.147217
1469010.000000 0.699219
1471240.000000 1.622803
1473880.000000 -0.999939
1474230.000000 -0.265381
1474280.000000 -0.349121
1474360.000000 -0.483398
1474410.000000 -0.174561
1477160.000000 1.719727
1477900.000000 -0.602539
1479680.000000 -0.999939
1483030.000000 1.652832
1483570.000000 -0.098877
1483790.000000 0.261475
1485410.000000 -0.999939
1486010.000000 -0.068604
1486480.000000 0.549805
1489090.000000 1.611572
1489690.000000 -0.021973
1491800.000000 -0.999939
1495130.000000 1.505859
1497710.000000 -0.999939
1498050.000000 0.141113
1498270.000000 -0.003906
1500870.000000 1.396240
1501710.000000 -0.419189
1501910.000000 0.160400
1503320.000000 -0.999939
1503540.000000 -0.999939
1504430.000000 1.306152
1506320.000000 1.595947
1507140.000000 -0.431641
1507320.000000 0.430664
1508970.000000 -0.999939
1512160.000000 1.527588
1514920.000000 -0.999939
1518100.000000 1.555908
1520920.000000 -0.999939
1521190.000000 -0.264648
1521720.000000 1.733887
1526770.000000 -0.999939
1530140.000000 1.271973
1531060.000000 -0.491943
1531320.000000 0.085693
1532560.000000 -0.999939
1536130.000000 1.318848
1536980.000000 -0.173340
1537240.000000 -0.094727
1537490.000000 0.253174
1539210.000000 -0.999939
1540480.000000 0.991211
1541680.000000 1.435303
1543360.000000 -0.676270
1543590.000000 0.126221
1544140.000000 -0.999939
1545250.000000 -0.999939
1545560.000000 0.048828
1546450.000000 1.469727
1546500.000000 0.745361
1546540.000000 0.786621
1548510.000000 1.413818
1551200.000000 -0.999939
1554710.000000 1.546631
1557400.000000 -0.999939
1557730.000000 -0.096680
1558210.000000 0.499023
1560820.000000 1.631348
1563030.000000 -0.999939
1566820.000000 1.604492
1569400.000000 -0.999939
1572840.000000 1.490723
1573580.000000 -0.657227
1573870.000000 -0.113525
1573910.000000 0.004883
1575620.000000 -0.999939
1578810.000000 1.618164
1579520.000000 -0.497070
1579810.000000 -0.038330
1579850.000000 0.100342
1579900.000000 0.055664
1581480.000000 -0.999939
1582610.000000 1.320068
1582650.000000 0.359375
1582700.000000 0.849609
1582740.000000 0.415283
1584640.000000 1.585938
1585400.000000 -0.607422
1585640.000000 0.109863
1585730.000000 -0.098389
1587290.000000 -0.999939
1588430.000000 0.935791
1588470.000000 0.351074
1588520.000000 0.504639
1590560.000000 1.708740
1593370.000000 -0.999939
1596630.000000 1.618652
1599170.000000 -0.999939
1602530.000000 1.563965
1603260.000000 -0.999939
1603510.000000 0.514648
1605090.000000 -0.999939
1608070.000000 1.390137
1610400.000000 -0.999939
1611000.000000 0.854004
1611950.000000 1.136963
1612000.000000 0.717041
1612040.000000 0.633545
1612930.000000 1.311523
1616070.000000 -0.999939
1617130.000000 1.656494
1619150.000000 -0.999939
1619980.000000 -0.999939
1620420.000000 -0.147949
1620460.000000 -0.080322
1621000.000000 1.301270
1623460.000000 -0.999939
1625190.000000 1.555176
1626300.000000 -0.999939
1626340.000000 -0.999939
1627100.000000 -0.999939
1628810.000000 1.656494
1630920.000000 -0.999939
1631700.000000 1.518066
1633840.000000 -0.999939
1633890.000000 -0.999939
1634640.000000 -0.999939
1635470.000000 1.336670
1638580.000000 -0.999939
1639420.000000 1.577393
1641490.000000 -0.999939
1641530.000000 -0.999939
1642290.000000 -0.999939
1643060.000000 1.375488
1646240.000000 -0.999939
1647440.000000 1.461426
1649910.000000 -0.999939
1651510.000000 1.371338
1653180.000000 -0.999939
1653890.000000 -0.999939
1655220.000000 1.451660
1657730.000000 -0.999939
1658510.000000 1.410889
1660930.000000 -0.999939
1661020.000000 -0.999939
1661800.000000 -0.999939
1663150.000000 1.510742
1665620.000000 -0.999939
1666490.000000 1.317383
1668790.000000 -0.999939
1668830.000000 0.608154
1669540.000000 -0.999939
1670340.000000 1.506348
1672410.000000 -0.999939
1672450.000000 -0.999939
1672520.000000 -0.999939
1673140.000000 -0.999939
1674830.000000 1.497070
1676250.000000 -0.999939
1676300.000000 -0.999939
1676340.000000 -0.999939
1676960.000000 -0.999939
1677740.000000 1.510498
1680510.000000 -0.999939
1681330.000000 1.329346
1684470.000000 -0.999939
1685590.000000 1.434570
1688060.000000 -0.999939
1689820.000000 1.418457
1692060.000000 -0.999939
1693010.000000 1.541992
1694970.000000 -0.999939
1695010.000000 2.601318
1695060.000000 -0.999939
1695830.000000 -0.999939
1697400.000000 1.410889
1698840.000000 -0.999939
1698940.000000 -0.999939
1699780.000000 -0.999939
1700510.000000 1.490479
1702620.000000 -0.999939
1702670.000000 -0.605957
1702710.000000 -0.999939
1703420.000000 -0.999939
1704220.000000 1.377441
1707490.000000 -0.999939
1708400.000000 1.532227
1710580.000000 -0.999939
1710620.000000 -0.999939
1711400.000000 -0.999939
1712320.000000 1.350830
1715520.000000 -0.999939
1716830.000000 1.520752
1718610.000000 -0.999939
1718750.000000 -0.999939
1719570.000000 -0.999939
1721390.000000 1.345703
1723060.000000 -0.999939
1724100.000000 -0.999939
1725770.000000 1.371338
1727370.000000 -0.287109
1727420.000000 -0.999939
1727460.000000 -0.999939
1727510.000000 -0.999939
1728600.000000 -0.999939
1730650.000000 0.905273
1732330.000000 0.189941
1732420.000000 0.097656
1732470.000000 0.029541
1732510.000000 -0.034668
1732560.000000 -0.171631
1733360.000000 -0.724609
1736330.000000 0.425293
1739250.000000 -0.197754
1742040.000000 0.303955
1742960.000000 -0.057373
1744110.000000 -0.204590
1746890.000000 0.225830
1747660.000000 -0.008301
1747710.000000 0.027100
1748520.000000 -0.104492
1752200.000000 0.230713
1752860.000000 0.014160
1753440.000000 -0.186523
1757630.000000 0.134766
1758380.000000 0.011475
1759030.000000 -0.081299
1759660.000000 0.031494
1759770.000000 0.010498
1759830.000000 -0.002441
1760080.000000 0.028076
1760140.000000 0.011475
1760210.000000 -0.004395
1760250.000000 0.000977
1760320.000000 -0.015869
1760450.000000 -0.028320
1760520.000000 -0.025391
1760720.000000 0.048340
1762450.000000 0.073486
1762940.000000 0.048828
1763300.000000 -0.009277
1763360.000000 0.010010
1763410.000000 -0.013672
1763470.000000 0.025879
1763580.000000 0.033936
1763940.000000 -0.042236
1764010.000000 0.040283
1764050.000000 -0.025391
1764120.000000 0.020020
1764700.000000 -0.047119
1764760.000000 0.076904
1764870.000000 0.070557
1766210.000000 0.069092
1767050.000000 0.005615
1767090.000000 -0.036377
1767140.000000 0.027588
1767200.000000 -0.035645
1767270.000000 0.006348
1767330.000000 0.001953
1767400.000000 0.031494
1767490.000000 -0.027344
1767530.000000 0.054932
1767890.000000 0.053711
1768940.000000 0.036133
1769560.000000 -0.005371
1769600.000000 0.011230
1769640.000000 -0.000977
1769690.000000 0.016846
1769800.000000 0.030762
1770040.000000 0.031250
1770130.000000 0.037354
1770380.000000 0.041748
1771440.000000 0.051758
1771490.000000 -0.015869
1771550.000000 0.009277
1771710.000000 -0.015137
1771870.000000 0.011230
1771910.000000 -0.016846
1771950.000000 0.025879
1772340.000000 0.003662
1772380.000000 0.039307
1772430.000000 -0.005127
1772560.000000 0.027832
1772630.000000 -0.007568
1772670.000000 0.013184
1772720.000000 0.011719
1772810.000000 0.014893
1773230.000000 0.036133
1774040.000000 0.050537
1775510.000000 0.009033
1775660.000000 0.008057
1775710.000000 -0.006104
1775780.000000 -0.000488
1775840.000000 0.007568
1775890.000000 0.000244
1775930.000000 -0.002930
1776000.000000 -0.007324
1776290.000000 0.030029
1777000.000000 -0.004150
1777040.000000 0.002197
1777130.000000 -0.018066
1777420.000000 0.057617
1779310.000000 -0.005127
1779350.000000 0.012451
1779420.000000 0.011230
1780090.000000 0.059326
1780290.000000 -0.010742
1780420.000000 0.030762
1780640.000000 0.007080
1780710.000000 -0.002930
1780750.000000 0.001465
1780800.000000 0.001709
1780840.000000 0.004395
1781730.000000 0.061768
1782910.000000 0.050049
1784230.000000 0.025879
1784850.000000 0.006348
1784900.000000 -0.005127
1784990.000000 0.003662
1785100.000000 0.016602
1785230.000000 0.004150
1785300.000000 -0.008545
1787030.000000 0.100342
1787140.000000 0.050781
1788330.000000 -0.024658
1788730.000000 0.002930
1788780.000000 -0.004150
1788820.000000 -0.001221
1788870.000000 -0.006348
1788980.000000 -0.011230
1789040.000000 -0.000488
1789090.000000 -0.007080
1789400.000000 0.028320
1790020.000000 -0.009521
1790130.000000 -0.012207
1790400.000000 0.052490
1792970.000000 0.010742
1793150.000000 0.007080
1793260.000000 -0.000488
1793300.000000 -0.008057
1793350.000000 -0.013916
1793390.000000 -0.004395
1794040.000000 0.021240
1794190.000000 0.005127
1794590.000000 -0.029297
1794880.000000 0.052979
1797120.000000 0.049561
1798050.000000 0.046631
1799080.000000 0.007080
1800460.000000 0.052734
1801810.000000 -0.001465
1801880.000000 0.019043
1801940.000000 0.006592
1802050.000000 -0.012695
1802190.000000 -0.009277
1802620.000000 0.028320
1803220.000000 0.005859
1803290.000000 0.004150
1803420.000000 -0.009277
1803640.000000 0.059326
1803980.000000 0.009766
1804020.000000 0.004395
1804090.000000 0.037354
1804130.000000 -0.005859
1804180.000000 0.022217
1804290.000000 0.020996
1805440.000000 0.047119
1806420.000000 0.009033
1806600.000000 -0.004639
1806670.000000 0.010742
1806730.000000 -0.001709
1806840.000000 0.026855
1807180.000000 -0.002197
1807420.000000 0.022461
1807730.000000 -0.020752
1809080.000000 0.041260
1811120.000000 0.036133
1811610.000000 -0.000977
1811650.000000 0.015625
1811740.000000 0.020020
1811960.000000 0.020752
1812030.000000 -0.023438
1812100.000000 -0.000488
1812210.000000 -0.008057
1812270.000000 0.003662
1812500.000000 0.052490
1812780.000000 0.037598
1812870.000000 -0.000977
1813380.000000 0.049805
1813910.000000 0.055908
1814620.000000 0.046143
1814710.000000 0.059570
1814780.000000 -0.001953
1814910.000000 0.022217
1814980.000000 0.029297
1815060.000000 -0.003662
1815290.000000 0.021973
1815330.000000 -0.009033
1815380.000000 0.028076
1815440.000000 -0.000977
1815730.000000 0.027588
1816040.000000 0.039062
1816130.000000 0.026855
1816260.000000 -0.002197
1816310.000000 0.015625
1816350.000000 -0.036377
1816550.000000 0.012207
1816600.000000 -0.010986
1816750.000000 -0.051270
1817410.000000 0.074951
1818100.000000 0.035400
1818570.000000 0.076416
1818910.000000 -0.014160
1818990.000000 -0.000732
1819350.000000 0.102051
1820170.000000 0.007324
1820210.000000 -0.003174
1821500.000000 0.072266
1821590.000000 0.026123
1821830.000000 0.053711
1821940.000000 0.038086
1822300.000000 0.033447
1822390.000000 0.034912
1822450.000000 -0.003418
1822500.000000 0.018799
1822700.000000 -0.017334
1822790.000000 0.004883
1822940.000000 -0.010498
1823010.000000 -0.007324
1823120.000000 -0.021484
1823190.000000 0.013184
1823230.000000 -0.006836
1823340.000000 0.007568
1823520.000000 0.020264
1823590.000000 -0.002930
1823630.000000 0.016602
1823990.000000 0.016357
1824050.000000 -0.010986
1824850.000000 0.039307
1825340.000000 0.033691
1825610.000000 -0.005859
1825680.000000 -0.007080
1825990.000000 0.039551
1826280.000000 0.015625
1826340.000000 0.007568
1826480.000000 0.020264
